              precision    recall  f1-score   support

         0.0       0.68      0.62      0.65      1486
         1.0       0.41      0.15      0.22      1590
         2.0       0.64      0.68      0.66      2711
         3.0       0.75      0.72      0.74      2767
         4.0       0.63      0.87      0.73      2725

    accuracy                           0.65     11279
   macro avg       0.62      0.61      0.60     11279
weighted avg       0.64      0.65      0.63     11279
,
              precision    recall  f1-score   support

         0.0       0.66      0.60      0.63      1928
         1.0       0.55      0.34      0.42      2408
         2.0       0.71      0.59      0.64      2740
         3.0       0.70      0.83      0.76      2807
         4.0       0.67      0.90      0.77      3026

    accuracy                           0.67     12909
   macro avg       0.66      0.65      0.64     12909
weighted avg       0.66      0.67      0.65     12909
,
              precision    recall  f1-score   support

         0.0       0.68      0.68      0.68      1912
         1.0       0.51      0.42      0.46      2024
         2.0       0.72      0.65      0.68      2336
         3.0       0.76      0.88      0.81      2439
         4.0       0.76      0.83      0.79      2802

    accuracy                           0.70     11513
   macro avg       0.69      0.69      0.69     11513
weighted avg       0.70      0.70      0.70     11513
,
              precision    recall  f1-score   support

         0.0       0.74      0.63      0.68      1411
         1.0       0.54      0.52      0.53      1800
         2.0       0.75      0.72      0.74      2398
         3.0       0.86      0.86      0.86      2572
         4.0       0.75      0.87      0.81      2714

    accuracy                           0.75     10895
   macro avg       0.73      0.72      0.72     10895
weighted avg       0.74      0.75      0.74     10895
,
              precision    recall  f1-score   support

         0.0       0.67      0.58      0.62      1981
         1.0       0.56      0.39      0.46      2214
         2.0       0.64      0.76      0.70      2581
         3.0       0.85      0.94      0.89      2679
         4.0       0.72      0.76      0.74      2777

    accuracy                           0.71     12232
   macro avg       0.69      0.69      0.68     12232
weighted avg       0.70      0.71      0.70     12232
,
              precision    recall  f1-score   support

         0.0       0.85      0.70      0.77      1638
         1.0       0.72      0.62      0.67      2048
         2.0       0.75      0.80      0.77      2717
         3.0       0.88      0.89      0.89      2733
         4.0       0.80      0.90      0.85      2940

    accuracy                           0.80     12076
   macro avg       0.80      0.78      0.79     12076
weighted avg       0.80      0.80      0.80     12076
,
              precision    recall  f1-score   support

         0.0       0.71      0.79      0.75      1330
         1.0       0.72      0.54      0.61      2365
         2.0       0.75      0.74      0.75      2774
         3.0       0.89      0.89      0.89      2677
         4.0       0.76      0.90      0.83      2712

    accuracy                           0.78     11858
   macro avg       0.77      0.77      0.76     11858
weighted avg       0.77      0.78      0.77     11858
,
              precision    recall  f1-score   support

         0.0       0.79      0.56      0.66      1422
         1.0       0.55      0.36      0.43      1969
         2.0       0.63      0.80      0.70      2736
         3.0       0.86      0.94      0.90      2574
         4.0       0.76      0.79      0.77      2727

    accuracy                           0.72     11428
   macro avg       0.72      0.69      0.69     11428
weighted avg       0.72      0.72      0.71     11428
,
              precision    recall  f1-score   support

         0.0       0.67      0.66      0.66      1282
         1.0       0.57      0.43      0.49      1638
         2.0       0.67      0.72      0.69      2372
         3.0       0.84      0.82      0.83      2350
         4.0       0.74      0.83      0.78      2444

    accuracy                           0.72     10086
   macro avg       0.70      0.69      0.69     10086
weighted avg       0.71      0.72      0.71     10086
,
