              precision    recall  f1-score   support

         0.0       0.56      0.69      0.62      1733
         1.0       0.45      0.18      0.26      2623
         2.0       0.62      0.47      0.53      2861
         3.0       0.59      0.75      0.66      2941
         4.0       0.59      0.80      0.68      3120

    accuracy                           0.58     13278
   macro avg       0.56      0.58      0.55     13278
weighted avg       0.57      0.58      0.55     13278
,
              precision    recall  f1-score   support

         0.0       0.79      0.71      0.75      1978
         1.0       0.51      0.49      0.50      1954
         2.0       0.70      0.70      0.70      2411
         3.0       0.85      0.90      0.88      2588
         4.0       0.79      0.83      0.81      2796

    accuracy                           0.74     11727
   macro avg       0.73      0.73      0.73     11727
weighted avg       0.74      0.74      0.74     11727
,
              precision    recall  f1-score   support

         0.0       0.62      0.75      0.67      1218
         1.0       0.58      0.51      0.54      1965
         2.0       0.84      0.69      0.76      2814
         3.0       0.83      0.90      0.86      2826
         4.0       0.82      0.88      0.85      3151

    accuracy                           0.77     11974
   macro avg       0.74      0.75      0.74     11974
weighted avg       0.77      0.77      0.76     11974
,
              precision    recall  f1-score   support

         0.0       0.76      0.70      0.73      1890
         1.0       0.56      0.39      0.46      2200
         2.0       0.74      0.78      0.76      2717
         3.0       0.88      0.91      0.89      2856
         4.0       0.75      0.89      0.81      2922

    accuracy                           0.75     12585
   macro avg       0.74      0.73      0.73     12585
weighted avg       0.74      0.75      0.75     12585
,
              precision    recall  f1-score   support

         0.0       0.75      0.68      0.71      1684
         1.0       0.58      0.55      0.56      1978
         2.0       0.77      0.71      0.74      2580
         3.0       0.86      0.90      0.88      2714
         4.0       0.80      0.90      0.85      2770

    accuracy                           0.77     11726
   macro avg       0.75      0.75      0.75     11726
weighted avg       0.76      0.77      0.76     11726
,
              precision    recall  f1-score   support

         0.0       0.72      0.71      0.72      2019
         1.0       0.60      0.44      0.51      2302
         2.0       0.72      0.66      0.69      2804
         3.0       0.79      0.87      0.83      3020
         4.0       0.75      0.89      0.82      3192

    accuracy                           0.73     13337
   macro avg       0.72      0.72      0.71     13337
weighted avg       0.73      0.73      0.73     13337
,
              precision    recall  f1-score   support

         0.0       0.78      0.73      0.75      1396
         1.0       0.65      0.53      0.59      2322
         2.0       0.79      0.76      0.78      2834
         3.0       0.89      0.89      0.89      2860
         4.0       0.75      0.90      0.82      2832

    accuracy                           0.78     12244
   macro avg       0.77      0.76      0.76     12244
weighted avg       0.77      0.78      0.77     12244
,
              precision    recall  f1-score   support

         0.0       0.80      0.58      0.67      1891
         1.0       0.59      0.54      0.56      1836
         2.0       0.73      0.78      0.76      2371
         3.0       0.88      0.84      0.86      2595
         4.0       0.70      0.87      0.78      2549

    accuracy                           0.74     11242
   macro avg       0.74      0.72      0.73     11242
weighted avg       0.75      0.74      0.74     11242
,
              precision    recall  f1-score   support

         0.0       0.81      0.67      0.73      2025
         1.0       0.57      0.51      0.54      2294
         2.0       0.72      0.80      0.76      2566
         3.0       0.91      0.90      0.90      2860
         4.0       0.80      0.89      0.85      2982

    accuracy                           0.77     12727
   macro avg       0.76      0.75      0.76     12727
weighted avg       0.77      0.77      0.77     12727
,
              precision    recall  f1-score   support

         0.0       0.77      0.65      0.71      1445
         1.0       0.56      0.46      0.50      2066
         2.0       0.74      0.76      0.75      2516
         3.0       0.89      0.87      0.88      2722
         4.0       0.73      0.89      0.80      2802

    accuracy                           0.75     11551
   macro avg       0.74      0.73      0.73     11551
weighted avg       0.75      0.75      0.74     11551
,
              precision    recall  f1-score   support

         0.0       0.79      0.74      0.76      1777
         1.0       0.66      0.45      0.53      2408
         2.0       0.78      0.75      0.76      2787
         3.0       0.90      0.92      0.91      2890
         4.0       0.71      0.93      0.80      2865

    accuracy                           0.77     12727
   macro avg       0.77      0.76      0.75     12727
weighted avg       0.77      0.77      0.76     12727
,
              precision    recall  f1-score   support

         0.0       0.82      0.73      0.77      2229
         1.0       0.61      0.52      0.56      2088
         2.0       0.78      0.77      0.77      2603
         3.0       0.89      0.94      0.91      2681
         4.0       0.78      0.88      0.82      2963

    accuracy                           0.78     12564
   macro avg       0.77      0.77      0.77     12564
weighted avg       0.78      0.78      0.78     12564
,
              precision    recall  f1-score   support

         0.0       0.81      0.58      0.67      1570
         1.0       0.64      0.63      0.63      1796
         2.0       0.71      0.79      0.75      2605
         3.0       0.89      0.82      0.85      2858
         4.0       0.77      0.88      0.82      2693

    accuracy                           0.76     11522
   macro avg       0.76      0.74      0.74     11522
weighted avg       0.77      0.76      0.76     11522
,
              precision    recall  f1-score   support

         0.0       0.76      0.69      0.73      1973
         1.0       0.63      0.60      0.62      2147
         2.0       0.76      0.69      0.73      2485
         3.0       0.81      0.85      0.83      2577
         4.0       0.77      0.88      0.82      2760

    accuracy                           0.75     11942
   macro avg       0.75      0.74      0.74     11942
weighted avg       0.75      0.75      0.75     11942
,
              precision    recall  f1-score   support

         0.0       0.76      0.66      0.71      2112
         1.0       0.61      0.44      0.51      2533
         2.0       0.74      0.78      0.76      2891
         3.0       0.88      0.92      0.90      3004
         4.0       0.74      0.90      0.81      3152

    accuracy                           0.76     13692
   macro avg       0.75      0.74      0.74     13692
weighted avg       0.75      0.76      0.75     13692
,
